dados <- 1: 10
