dados <- 1: 10
dados <- 1: 20
